$ANSIBLE_VAULT;1.1;AES256
65623730623639356537656166366637646265653662373934663532633330613062636163636563
6639383132653665616661363966383631656561383231340a353132666532383835353038633265
65633739353666343636326461303035633633343534663063613130343063383762356631333763
3439363063623635310a626239626661353030646439343562363730393832666631663461666135
39613738343766353833366139653731613662386465373364646539653936343437346132623737
30643634396166653762336533316362616362326432373330646266643563313962623236646361
32643033353663306161633230313132313566623161653937613133393138333831393439303262
37313435306535316438666662363337336334323739396336666338376233623435376361303066
35626365393931343465383731396635656636363538376539396530626533306664383539326631
32643765646663663361396239333231643132373331623263363231323464373266626432636566
37323030313566666233646364653261636530323461313533363262636539613138316439666138
31356463386365353963
