$ANSIBLE_VAULT;1.1;AES256
37613864356266333564626436646530653562346564393665323837343432646561326230666536
6332336231646164376634383933303661343833343932620a326130373435393263366236333362
37353532316166303531366439666533656466626164663430303837646439373830336164326264
6336333465316636640a323135336338373936306434326330333335313764336137346262323037
39366166386531616532373163626437353163383437633730326639646232353435383937353762
61313661373732383362643734323966323838316461303362623266303934613635306439353333
64363633626365353666353866326534636131616139346339653261346163366337326563626436
30393838666262373234646366313036383163613363303365643933353265363365333331623531
38306664616537343934373732383331613731393232383136353631323363636236303834356563
30366662656363343038396430663666356461633033613032633562363237313166623034323033
66363538366336303438306537326631353834373932656435343362653535376466383730373536
35616538313439616663653863333834343934333764396438376132663038393036316663633330
38316362653566333439313663313039316161623166346264303331653038393531383162633436
30646361633731366435613537393731656336323162346562666337363434613463333237326132
66643361663234383433333736393664633730343265613035666364303534333734313166656665
36396231326161396339613464653564613730363262646565363934333733613835643838333136
30353630303766636433393837353639633164333537316466396533633264303866633534626363
32373939633939363035313434303531653732636336656261343466336530356564383266313131
61626563323236313933633934333232303233613231653366343139313066666230356237366230
36303333356366613235613066336361343265383833666136343061626163383263383833366534
36393865363930613538376330326134363964383538626531646332376230316232336430373835
39323838363339636565396561333430333236666432613363313864663034666137613835386666
33323761313532316333333934656666306232656334323633383436663964636134353638656662
32303039323661336632343338613936346637393533343335666662643936343862633130303437
30633665653635333337333538643335626461366365653164333137633638353935353962333963
35373338663261383262623261326134633237616130383530653330353437623535653239336434
63626436623737316164663230626239346332393835323166373762333738613666656637663435
64613161363666663536333163393030363164656464383337366537623435656663316633333430
30393865363236383662653938383137376539303830366433393831333264373734343439613238
62353164646639376363343038623763353036383734353363396463356237346436386164376636
36306636363362373436653738313665393462653333356338343930653131373465656130366639
30366434643964636465343337656532663331333633333931386537643339366437326162646239
33303832313661663438323235636464656230623030663239343765353239633836373464396531
65313362313635666265356233626365393361303162336537363931636335323838636138343965
36663234613761623663623465393138623164643665323339633436376265316363303934633632
39343830383938303537333333636137663030663930376637353463613261346665313632363235
64316264356332353532396434333836616331633961623065646538633462316566383065386562
34313130663930643936303261323833656632663734383236373533333062666533316466303833
63333931613131383265386137383562303766323061373766316366363039626463633135396631
34333661393838623533613339343031633635363031383233303761663561373366313863306662
34363939623139303338353463313835653234346664666535663432316537396331613333326137
36306230623762316532663138303962653437633365396438396430656362333133393632643562
33633530363037313731353862663663383139306266346231636430383762356431613266366537
32333830386434656433313530306366363766333138343635633830626634313838326665643239
38633366343466613131343665323639353132373863363330363239326663656132623938626434
34353763636266633130333933656361383038366233613461616133313632626664636463343136
37323535623938633531653162323331666439666361633265653562643833643463353034356532
66306466646633373630633330323834636532303431383439343665323539376630363165373561
64343636633634303539336234353466316366666364613366613633653931396332366430613164
30393836313462366634326339613438336465393463386662346230323030653230313232343462
63396531346234333438643539346163393430353037613662303937356535653561663335363133
30373338653730373337313035663964343966633230366366363164313161666432393634663561
65353832363430383264663931633261396635376263623631383664353461666635643766616137
39386333323134663637393930363934636335373861656431623365666663653634613534613632
33323130323633656435303566356463366564653031303334626665396266346662646636623630
63373139366166383663323337343666333636306261643964316366386531323233313761366263
64303734313339316136356431303166316336313834656335343764336531333861373836666532
34356664313531633366363761633465393735396631386663386539613761333766326266383933
66633031613162313664353939313364316437313163633630636631313635306538626665346232
64313732393035346433626132343133643161653261306166393138323338343530626131306233
35306361613231353734616361633531363731636134323462323831613265343630353032333933
30613935643963363130323763366439333433663132353736326262323435303634343737393339
30396563653932613361306531663862636631363764626437636163356530363836396663356133
63336337336537373833613261626233333561326163636161383333306138663662626363626363
62323662346332353063313562326164323730633434663661363630636630373733343933326431
37636335306530323432353565333866333534313138396562376162646163623065623362356630
31313139353030363532366266636466626536613933383432663433656539616630353066666365
33363533373561306434383338393263386135306139376465366437616130643565333234343061
38333439373665666631366465663034623030646135613932646535303762363438646131616233
66623639663762383563656538386661633766363361373032323662356330653662663762633866
32333732356438643262663335393538323530623337663837613132663963336266333639396262
39396438393130313533336432633865396433303434336635333364336634643537363465653965
36333136386539333734653537656564336239626261393631336137356363386232333739383465
39633664626361383465333438303639636433393762653736633338646231656531333861303739
35643232323235346230353035633634336265636663626435353435666539396435373364653638
35616366316138353638626238366238383965353936323561613062376432666635333663393530
33383264363337623237333334373932653532333137323562306337613966643030343937393665
63386438633534306134353337626161663736653037316234666234396265643663626237313737
34653165666436663561663038363634316539313434656637323830366539633535653133663531
65636132613534636239336662323236653733343462646437323466616666643933356665643764
37613233383230353634643138343934356435356262343836376139373436333738643138643633
39326236356631313963656539396132363164373336313839303938366562353534353064343864
64303963653335393531386136663732353363663739383135363930653936303064326336663932
64623531643933653530373737386633353364333035306132303630306666366162386665393633
33333637336133653631343062353135343035313538373764653737326538303561393132633634
39393634346466306265313538343563326330316264396339343161393663633662323033386637
32356562326365363134303231346666333164313130663131316534376638386636666162663639
30626438653361636339
