$ANSIBLE_VAULT;1.1;AES256
66623962373163643831636236636537313937643836333331666638383833643466383163373338
3633363339323466306533353265396462323030336466360a653862613561323531643138633766
62336330356133303235346434326364373634643366386633373939313235626565623737643237
3266323133383834630a616236393661316536313836313562613862626233333832653637636530
36336362373163633762336633653136303534643039653636376431386666373232303763623439
30663032336261396437643564643366653634663062646662666664333036366661323836313866
38313131376336353362336634343136613834656264323064303265393734643439653737616134
31643264623066646630636431376265333931393665373165393333336338663035623136343332
61613230306237383838646466333665353463336437306237333335323435663262636532616237
37343962313661663534333433383136383663303237633834376634643631373966363763323862
39386435383365656236636139386431333762323135363436366430653461646437383039303031
36626265633235336335636637303531313765363365393435346230636338313365396561626539
31633834353966623737653434383831396134356162663537623139353832376532626536323862
64303065326635626663333633633861303631616534313036643162383330343965616233306239
62646131336537616133383434353263363330356564303664656337343365386336363139653665
32363663306138663061646139356161653731613137363339386437363130323531666565613636
32376362306337306664323131383533646537663436303861656139363865323039643535353239
34656530323934373062376136616363326237633339383765373761653737393537323038363966
64663130376635633436353138653463656630336332663866356666353437356335353236333933
31323164663836376531646362356131366263363236333562356166313333363164396632343039
62323765636233323164396463323162386366633838636333316266386666616566666430383131
34643335363063363666643334353230363461663032323936613165643137623465326431393562
31326661396436636634333730393135376530396131666234623230303166316130653863373739
64623634313264333631653233376431636630656131636464663538613163636433393735313638
31643363316339313762346165313863343932306330633666363837363137363137313964306262
38323937373265346263613866633336336638633461363031633638633165386164323131356464
62656365393132643837386334666637366539313066666137393635313435396134643336333739
31353937313239643732333562353164373736393634393463613262636337656137623137663636
32643461646230323531613436643439366662613534613465366335303334623234326436626433
62666363353466363130333663653537376566346463303036646539653966623638303533643834
31333339633164613538353430363238343662363662663635366434373033633564663361303030
61646461663530323936356138356234623137366366623965663162623235643839386439316332
30333831653733656631646166316335303638353532366436373139383936343330383938303262
35616638373765616439346366363733613932386438386535613237353137353966373235376431
32633433306665663237353165363539353961613062336434613066346365333265353335636632
66383438626461323338356332323033393331663231383232353638396431626232336164393331
31353734376530313965396561663834363835373533346261656238386366373262376635343236
63663562646131623561326136326236633334636632313064346637333164373136663134363430
32316664656630663030366331363538353031643566303438646364633533656637656639386133
38393063626532316638323263356638343465396231653761653633356363323965633266626465
64353966383438333531646366623439396363396339306565353234316434323661303164333335
38386665646130393837626164353530663033363765376466313337326262343136613261393865
30623665623535366265623764356237393762613564616139656561636666353366666135356236
34313231663532343234623830636432353562356430343461633163383064643732633464323033
66303835656237353932623966613838633662326465336265633562396233353330373365633739
37376135316536356561376161396338336634643739303165646134333638343133643535373732
34633132383430326162376537633362356135646138383735623364356532663263613335316638
65333931323661333732383437383261646263653435626532313432346639616561303566323865
65393338643564336163326362366464343031643037313766353266393732666466343761613234
33316335303537373537336633633965623338303830313339383130323830316266323066373463
38643266636438623833663664613361373964343662376132376361303265626336303161303632
62356564333431336235643238366538656133343133326138626430393930326630353261313736
37643664323636626161636566633537343835383561363331666164306561633535633334663235
62393336383163323264643333356262386362346233636166326131633063396661616163663036
32363766653835343735626363343663363464353166373732306137343462383865663761653765
30383431336439326561663536383634653630623832396533623265643662316332656565353230
30653662363561316363616664386663356330633565653338633630353838633563333037343937
37663362656639363038616538623766383835386135386336336465653835383030333338323439
38346432616263363333363434376632663163356562396161383536613334653437346137376636
64346639383563653835313565666162383965363232303261336237353032646362303131656438
63666238343862336535323238393366396532366266353866343233316238343532663164613661
65346564363061363531626163336361663462343466373363616532353536356637346531383537
32373666646338353432613363636361393166653031373062353034386339646636346533366231
30666361373962393031343166396631666234326361363736306163616234373534363665333632
63376430613336623332303236326236383334656163653066393432336266376230393831313335
34376531336466306335363435353236353036333439306235656363663434313734306631623732
65323535383339353964373930633566663630356238326264393961313963396561353735643836
64656362303732343032326664356339376230343862613534316663613761303065313234363435
37653633613335666231353263366464646361613537626363656431626538343664373330343037
63313333383534393963326266396461656161623965313139313563653439643832616461393966
64303464333335393063316263333363343331663434613734393039623539343131643935646663
36386535353063303061633132396135613330306463383065646433666138346634373638333138
33623834306633363539306233663762363839383334323264613835316366313539393731326566
31313865616365303935613265353565346264653831653266396139613762653136656434353130
38656433633738613230313565646563653534316461326664343636343361313331663664613266
35643135626363653562373231643065316163633632343936326362643861343430386666333832
32363062663736363237386165346466343936613636376261316161383931626237323037393136
37353464336130336166383237303630303934303566666562373933366665386664363937623234
35643835356161656533343937313930666663363333386434353166613230333032333039613131
31376463656633343836373135366466323136316336636133646337363532633538336633363738
34393035306163613737346230663463666666663436353263666630323931626565316634343766
39376236386335306462636462626632663966346434313438303139356537633538623537663434
64383035323561346362616330626361373339343131396136386338303538323366633964616532
34386139623161636139626430633762666261313837623335313436666638316336373263306264
34346331333432326432633635633063316163623038313161353639626631343634616135623437
62666631383236646435633930613634616665383234353338383335303338666533313935303364
30346563623037633266653130666266626364633935383336333864303932326235623535623231
37653437353665336331
